0.11496
0.22703
0.39486
0.068266
0.067158
0.10025
0.0664
0.089653
0.089462
0.090152
0.10645
0.83021
0.93323
1.2715
0.89279
1.0047
1.2144
1.2821
0.50951
0.22156
1.0737
0.66434
0.22703
0.31171
0.16755
0.19109
0.44877
0.83857
0.49872
0.32091
0.12585
0.13605
0.11573
0.12129
0.20615
0.10921
0.084242
0.08519
0.069417
0.062389
0.22614
0.22641
0.15665
0.076871
0.062093
0.83653
0.45304
0.22163
1.116
0.82085
0.64889
0.52443
0.26684
0.24755
0.84418
0.6762
1.4954
0.35144
0.60717
1.1336
0.61644
0.27055
0.89091
0.96888
1.3653
0.50637
0.36801
0.38789
0.23906
0.15872
0.50214
0.29889
0.33927
0.20419
0.22589
0.16983
0.1688
0.13185
0.56351
0.95415
0.51006
1.3677
1.2578
0.30655
0.25389
0.27847
0.31419
0.17584
0.28112
0.36516
0.56103
0.20584
0.12591
0.56548
0.48186
0.31573
0.18319
0.13413
0.88221
0.57043
0.35311
0.37455
0.3581
0.41655
0.48487
0.35853
0.35613
0.12426
0.38093
0.40495
0.24147
0.20991
0.21551
0.17224
1.1198
0.21253
0.88464
0.98789
0.98949
1.2673
0.86793
0.79509
0.82489
0.3654
0.76685
0.29806
0.29169
0.37367
0.43536
0.56458
0.17399
0.23625
0.24193
1.434
0.37722
0.39167
0.27128
0.26928
0.50088
0.22396
0.25504
0.23275
0.18145
0.43335
0.15703
0.54973
0.92408
0.64085
0.36959
0.22278
0.27419
0.31799
0.3985
0.3699
0.30494
0.37102
0.73717
0.55034
0.89333
1.0064
0.46728
0.50846
0.97603
0.56439
0.46607
1.1763
1.181
0.89229
0.48004
0.7154
0.57105
0.99814
0.78506
0.39368
1.014
0.42943
1.0387
0.66945
0.43725
0.35277
0.83762
0.21665
0.26984
0.21917
0.38684
0.32444
0.55482
0.73458
0.57673
0.21495
0.15029
0.15182
1.3519
0.48148
0.35177
0.40997
0.42712
0.60063
0.26133
0.99051
2.3065
4.8735
2.7933
0.59607
0.31429
1.6329
0.44684
0.58076
0.62556
0.93732
0.84479
0.45282
0.23404
0.27499
0.34654
0.20724
0.29695
0.34617
0.28591
0.37014
0.46793
0.53111
0.28705
0.23457
0.22254
0.87031
0.21329
0.13601
0.23371
0.38964
0.17443
0.27414
0.16694
0.29567
0.24999
0.13802
0.11926
0.35188
0.15149
0.21305
0.29896
0.16114
0.16231
0.37311
0.14179
0.32901
0.7222
0.41316
0.7642
0.37677
0.54438
0.27396
0.68192
0.21202
0.29116
0.39833
0.16125
0.31538
1.0476
0.22475
0.15735
0.1403
0.17754
0.20436
0.16543
0.20895
0.12069
0.14785
0.094835
0.14909
0.17666
0.12324
0.093787
0.10035
0.1175
0.090212
0.61306
0.15819
0.1132
0.11422
0.054582
0.13294
0.073274
0.17563
0.13124
0.20709
0.37244
0.30953
0.17096
0.11864
0.1395
0.19187
0.1812
0.29173
0.19668
0.14203
0.087109
0.10514
0.11791
1.0844
0.71225
1.3227
1.4341
1.3428
0.94418
0.74328
0.46475
0.29874
0.18944
0.17292
0.53486
0.31086
0.51098
0.35693
0.57126
0.67749
0.43804
1.0433
0.36084
0.39947
0.24329
0.20861
0.18013
0.13649
0.23041
0.15838
0.34688
0.39145
0.68703
0.20096
0.32078
0.53066
0.23958
0.13841
0.1384
0.28975
0.45322
0.21306
0.22126
0.86037
0.38087
0.40373
0.34622
0.3814
0.28703
0.34367
0.20332
0.16598
1.0851
0.20279
0.14522
0.1667
0.19017
0.083248
0.13595
0.12585
0.16154
0.072322
0.12846
0.19776
0.26628
0.10869
0.14753
0.16041
0.083323
0.14372
0.39095
0.97558
1.5061
0.64712
0.54927
0.37031
0.36325
0.35394
0.34703
0.2383
0.23246
0.40244
0.27291
0.24932
0.49723
0.38157
0.49384
0.29272
0.49945
0.18305
0.37982
0.89759
0.31119
0.50697
0.25363
0.40813
0.86525
0.43652
0.19801
0.30479
0.36492
0.28859
0.21972
0.5097
0.18335
0.11506
0.91506
0.59079
0.29578
0.18285
0.19276
0.3055
0.59616
0.24549
0.31432
0.58003
0.20326
0.28062
0.45423
0.45367
0.59329
0.39123
0.73911
0.42578
0.349
0.63324
0.23768
0.45742
0.27373
0.57846
0.59434
0.28466
0.64508
0.36991
0.25465
0.34962
0.40834
0.45144
0.69256
0.77665
0.12431
0.34961
0.57487
0.32588
0.55359
0.69434
0.67424
0.58972
0.36514
0.51956
0.25573
0.40832
0.48553
0.43589
0.31428
0.28602
0.28292
0.31064
0.26583
0.17017
0.15865
0.2349
0.31825
0.36124
0.30303
0.21398
0.24302
0.36604
0.38491
0.70035
0.49474
0.42443
0.42368
0.28765
0.22254
0.29118
0.085954
0.12773
0.29009
0.1565
0.30168
0.35949
0.30482
0.22533
0.22019
0.2859
0.23676
0.18026
0.13875
0.17852
0.359
0.13075
0.21489
0.23585
0.50214
0.3172
0.30704
0.83109
0.62013
0.4461
0.9671
0.91546
0.81077
0.76746
1.1419
0.96276
0.54641
0.40506
0.58287
0.4128
0.17896
0.73829
0.88297
1.0593
0.76854
2.5449
2.8789
1.1688
1.8514
0.80152
0.96895
1.123
0.80325
0.61211
1.4077
0.42919
0.51796
0.44625
0.6756
0.62201
0.51354
1.0779
0.59607
0.608
0.93654
0.36497
0.49476
0.61605
0.36625
0.96202
0.57844
0.59002
0.44936
0.89879
0.55811
0.50275
0.28466
0.32714
0.86209
0.48062
0.46824
0.38561
0.51288
0.38548
0.2504
0.36443
0.27797
0.22364
0.59085
0.36135
0.45604
0.39875
0.44489
0.24868
0.33242
0.30353
0.23311
0.48111
2.9604
0.80208
0.53347
0.4727
0.29905
1.205
1.6397
0.59131
1.0497
0.34813
0.85738
0.56781
1.3484
1.6107
0.54095
1.3135
0.54177
3.3463
1.7948
1.2412
0.90092
0.71674
0.49296
0.23667
0.29395
0.43306
0.33487
0.20829
0.29745
0.26428
0.48395
0.20814
0.26849
0.25697
0.23608
0.2066
0.17386
0.23002
0.19218
0.40198
0.15861
0.14281
0.20894
0.22913
0.2108
0.16253
0.29239
0.2182
0.28798
0.10921
0.15249
0.15677
0.10256
0.1296
0.27695
0.13257
0.22962
0.20374
0.26089
0.12887
0.076704
0.20295
0.44979
0.53547
0.82022
0.50505
0.25595
0.31374
0.49333
0.23372
0.30411
0.19881
0.25141
0.1519
0.17933
0.30731
0.15225
0.31506
0.42663
0.46791
0.29788
1.192
0.41528
0.19021
0.17892
0.15228
0.19186
0.21666
0.20393
0.20742
0.15559
0.32414
0.21447
0.31014
0.20246
0.43206
0.46945
0.44746
0.80118
0.48293
0.44142
0.28858
0.50903
0.38124
0.23428
0.53299
0.23654
0.34864
0.25062
0.79915
0.28521
0.54944
1.3533
0.39914
0.32038
0.54965
0.99494
1.3648
0.66415
0.44278
0.53272
0.46014
1.1974
0.7072
0.37074
0.27785
0.18539
0.54496
0.52909
0.2648
0.28997
0.19671
0.27322
0.16554
0.14107
0.23899
0.27826
0.18185
0.16702
0.27768
0.30743
1.0478
0.35782
0.73294
1.0025
0.38982
0.29188
0.46676
0.67043
0.50465
0.75783
0.49318
0.33779
0.44621
0.63739
0.22401
0.20336
0.12803
0.069204
0.19184
0.23793
0.26789
0.2771
0.35256
0.36798
0.194
0.17265
0.12995
0.14147
0.15937
0.15602
0.19573
0.16247
0.31571
0.43884
0.49171
0.61426
0.32801
0.5739
1.1994
0.23658
0.24935
0.38381
0.26945
0.45068
0.25365
0.21099
0.34
0.36873
0.59467
0.28641
0.50354
0.62956
2.2648
2.176
0.51607
0.76056
0.86008
0.32665
0.27568
0.45013
0.70165
0.58712
0.44611
0.45726
0.50271
0.40278
0.69871
0.85357
0.55587
0.82286
0.50378
0.51755
0.54842
0.30943
0.52399
0.81507
0.88195
0.42778
0.62626
0.83227
1.1382
1.2285
0.47125
0.58429
0.80641
0.5828
0.7261
1.1302
0.74812
0.50295
0.7295
0.91201
0.45396
0.39444
0.43876
0.59293
1.7156
0.94597
1.3723
0.68959
0.6051
0.84618
0.49503
0.76873
1.1033
2.0441
2.6399
0.93306
1.2117
1.283
1.2143
1.2242
0.55147
1.0996
0.70684
1.1147
1.0368
0.66407
0.77334
1.0936
0.98117
0.97329
0.50902
0.57068
0.6572
0.61639
0.56826
0.45037
0.33338
0.5307
0.32197
0.42308
0.36528
0.64883
2.119
1.6372
1.0441
1.0514
0.94755
1.5291
1.2392
0.91203
0.67575
0.4926
0.39073
0.6329
0.27569
0.43808
0.61714
1.0361
0.88302
0.74067
0.70334
2.6591
0.90947
0.6997
3.0219
1.3632
1.6977
0.91378
0.53213
0.75084
3.3192
2.7245
0.72662
1.1771
0.82069
0.47455
0.39312
0.2541
0.60111
0.41869
0.40671
0.75298
0.76308
0.58517
0.47854
0.55712
0.38802
0.33088
0.56189
0.39399
0.5506
0.39332
0.40303
0.53523
0.68938
0.50499
0.68724
0.44984
0.47833
0.50497
0.58974
0.47949
0.58876
0.48253
0.60919
1.0239
0.98381
1.8763
0.60594
0.90855
0.65663
1.3537
1.0276
0.86486
0.81899
0.55169
0.88727
0.59123
0.7431
0.81926
0.81214
0.51836
0.8795
0.33566
0.60205
1.1573
0.94486
0.74564
0.52484
0.51278
0.59486
0.67694
0.79989
0.51462
0.55453
0.44198
0.34532
0.55833
0.74923
0.74643
0.63389
0.72085
0.50739
0.34361
0.21832
0.50829
0.44418
0.38744
0.58343
0.46741
0.37269
0.65344
0.24532
0.26017
0.27017
0.20361
0.24
0.34002
0.2498
0.21687
0.2412
0.25015
0.28329
0.12593
0.31883
0.30764
0.29323
0.33285
0.47041
0.36167
0.14849
0.27416
0.37642
0.66398
0.6008
0.37402
0.43229
0.25951
0.33671
1.0127
0.38482
0.21384
0.238
0.35056
0.18312
0.16724
0.14009
0.2101
0.62147
0.28767
0.20084
0.17835
0.42121
0.31234
0.3208
0.20548
0.46296
0.41174
0.56436
0.16325
0.21754
0.20568
0.14627
0.49208
0.19651
0.39295
0.29892
0.36319
0.35603
0.20269
0.16645
0.11004
0.26577
0.21667
1.2855
0.55747
0.60544
0.17864
0.16203
0.062694
0.13055
0.12712
0.16911
0.16824
0.35977
0.24364
0.57029
0.29547
0.22002
0.16461
0.31228
0.35555
0.18496
0.15522
0.24313
0.18757
0.15131
0.33743
0.36775
0.21976
0.27006
0.24646
0.23711
0.21787
0.24473
1.1905
1.0547
0.34396
0.41905
0.50039
0.5118
0.57848
0.34338
0.2859
0.22067
0.28141
0.31798
0.29858
0.37627
0.31933
0.24797
0.11281
0.21505
0.55525
0.30076
0.38196
0.39326
0.27115
0.4266
0.23089
0.27878
0.21904
0.22268
0.30534
0.25528
0.23994
0.3201
0.24074
0.14925
0.1712
0.12175
0.41653
1.6009
0.42056
0.24193
0.11068
0.61848
0.22018
0.23229
0.34628
0.18272
0.32223
0.42653
0.19451
0.52267
0.25565
0.24565
0.19206
0.14825
0.23556
0.47517
0.56691
0.42959
0.50596
0.54136
1.0423
1.497
1.0314
1.0589
0.38962
0.54636
0.89904
0.58729
5.0207
1.0685
0.95619
0.53847
0.59094
1.7413
0.42296
0.4156
0.55258
0.37374
0.52219
0.30438
0.25604
0.19324
0.18229
0.3673
0.3759
0.67075
0.47167
0.44207
0.4718
0.5012
0.32469
0.59212
0.34044
0.23245
0.36186
0.28262
0.32881
0.28007
0.10229
0.22858
0.49186
0.29414
0.65006
0.21906
0.3068
0.58558
0.3953
0.90789
0.22341
0.3932
0.7968
0.3061
0.55984
0.29729
0.26476
0.36462
0.44124
0.39079
0.4365
0.4167
0.74391
0.41416
0.64277
0.34202
0.31405
0.64771
0.66595
0.38816
0.25016
0.14876
0.19548
0.15181
0.21303
0.1817
0.17144
0.21834
0.43824
0.32454
0.23061
0.19605
0.32775
0.24906
0.3163
0.24274
0.35516
0.19885
0.93033
0.70004
0.48753
0.48848
0.39946
0.38706
0.19989
0.20723
0.36602
0.27398
0.32704
0.19087
0.83616
0.49416
0.36298
0.46358
0.47957
0.48508
0.1945
0.23329
0.24443
0.28562
0.32491
0.1633
0.21801
0.21394
0.41253
0.28452
0.1636
0.1797
0.21708
0.46495
0.32936
0.48194
0.28259
0.3454
0.86387
0.47863
0.49436
0.54109
0.61563
0.34909
0.24414
0.3147
0.23356
0.3907
0.31691
0.4695
0.32098
0.58673
0.36794
0.48638
0.3942
0.39437
0.30392
0.18976
0.13001
0.11105
0.1219
0.13108
0.18164
0.16129
0.16531
0.15816
0.24598
0.22985
0.25233
0.21447
0.207
0.45504
0.35973
0.35058
0.22846
0.22328
0.7521
0.32792
0.40015
0.25299
0.47035
0.91709
0.28811
0.4232
0.2748
0.86513
0.73224
0.45512
0.88048
0.43837
0.37948
0.35145
1.2723
1.5241
1.0874
0.53183
0.51697
0.94228
0.49253
0.94439
0.49293
0.37096
0.42317
0.65503
0.46217
0.46585
0.36232
0.31794
0.64582
0.36712
0.71971
0.69552
0.75747
0.76761
0.4531
0.46023
0.57878
0.43611
0.3138
0.36361
0.93026
0.61377
0.46857
0.40407
0.41385
0.34675
0.24108
0.20077
0.24287
0.20052
0.19458
0.26326
0.28952
0.45934
0.18759
0.18304
0.15686
0.18318
0.18506
0.25411
0.18856
0.13782
0.16002
0.59978
0.33543
0.2049
0.47799
0.2891
0.17952
0.10898
0.23213
0.32389
0.1715
0.19193
0.1953
0.24729
0.22141
0.21909
0.12569
0.22102
0.12599
0.13309
0.16931
0.22258
0.12572
0.31068
0.17187
0.14853
0.21007
0.1159
0.20829
0.20069
0.25838
0.71231
0.39597
0.2876
0.29153
0.52811
0.24094
0.30006
0.47935
0.34004
0.28618
0.23164
1.3108
0.98854
1.3215
1.2768
0.53204
0.86021
0.83031
0.67009
1.3247
0.69997
0.59003
0.66877
0.68019
0.47275
0.54418
0.71593
0.67869
0.69408
0.35725
0.5555
0.485
0.35703
0.32221
0.29073
0.48552
0.44317
0.61164
0.41884
0.35067
0.39401
0.51146
0.40836
0.46633
0.42412
0.21648
0.93619
0.5636
0.85604
0.33408
0.59262
0.4657
0.55446
0.18454
0.60959
0.32217
0.68541
0.93243
0.78954
0.59049
0.71646
1.557
2.0259
0.45132
1.5619
0.59667
0.90503
0.62103
0.21338
0.20864
0.38567
0.26712
0.33039
0.53383
0.40829
0.38899
0.26738
0.56259
0.40556
0.2741
0.98243
0.4148
0.39871
0.44664
0.58419
0.66329
1.3142
1.4065
0.5883
0.51474
0.53002
0.58523
0.37657
0.62456
0.34579
0.40077
0.44245
0.29364
0.53463
0.4615
0.93042
1.2359
1.577
1.3987
1.4067
1.3825
1.8701
1.0677
1.3501
1.71
1.8782
2.3071
0.95936
1.8539
1.1731
1.6009
0.78542
0.74945
0.87618
0.98793
1.3389
0.54194
0.6384
0.34384
1.8068
0.83952
0.5214
0.63593
0.98972
0.66428
1.85
1.1091
0.58206
0.513
0.78527
0.70258
0.39483
0.36357
0.42911
0.49999
0.70873
0.86601
1.6755
0.90169
3.9082
1.5312
0.877
0.63338
0.73798
0.91789
0.77088
0.32628
0.48691
0.43833
0.56632
0.89863
0.68633
0.61567
1.7654
1.0624
0.60888
0.66609
0.87717
1.4793
0.6342
0.87852
1.6554
0.75295
0.57413
0.57407
0.38715
0.55954
0.34046
0.5864
0.54445
0.39233
0.38197
0.3333
0.41738
1.083
0.30844
0.26391
0.14078
0.65411
0.33971
0.46071
0.30993
0.34306
0.42922
0.62151
0.53727
0.35188
0.49814
1.1379
0.39549
0.24072
0.61505
0.3095
0.47959
0.37279
0.3417
0.34246
0.94139
0.46285
0.51293
0.74686
0.43256
0.43059
0.4837
0.51867
0.39085
0.59192
0.39374
0.22976
0.36309
0.42937
0.33515
0.26005
0.30692
0.31012
0.36897
0.72142
0.36431
0.38891
0.27752
0.31827
0.21714
0.43901
0.439
0.27894
0.34678
0.62382
0.39844
0.29987
0.35682
0.37597
0.22892
0.22975
0.46561
0.56272
0.43971
0.70214
0.27068
0.46148
0.37127
0.40348
0.6588
0.28559
0.59397
0.41451
0.34978
1.0805
0.32924
0.35382
0.56705
1.1126
2.0445
0.82976
0.78989
0.61884
0.3686
0.8489
0.48564
0.5095
0.71159
0.3445
1.2382
3.421
2.9927
1.2823
1.026
1.0807
1.1383
1.6371
1.1596
0.99913
0.51761
0.59379
1.1801
1.0576
1.1823
0.53724
0.51379
0.61964
0.55396
0.70217
0.35419
0.56922
0.46137
0.29973
0.39632
0.19716
0.30764
0.32933
0.83498
0.56469
0.40023
0.86976
1.0258
1.2376
0.54204
0.73689
0.53681
0.68957
1.3336
0.94664
0.75928
0.43044
1.3191
0.52789
0.4782
0.55319
0.32813
0.70207
0.50543
0.47496
0.23931
0.70483
2.7972
0.45269
0.61633
0.90368
0.53393
0.51457
0.33346
0.55991
0.4631
0.40655
0.49032
0.33427
0.35751
0.42883
0.47722
0.42154
0.24812
0.41584
0.32268
0.4043
0.29559
0.17403
0.26385
0.26156
0.25079
0.1474
0.43249
0.53556
0.31637
0.24603
0.26719
0.33268
0.25276
0.32666
0.56764
0.48401
1.2195
1.5447
0.63767
2.2119
0.97335
0.56791
0.97118
0.69388
0.62762
0.93068
0.5579
0.7777
0.65968
0.8543
0.59558
0.58295
0.56447
0.45065
0.47095
0.63108
0.97281
0.76504
0.3745
0.37418
0.54441
0.71286
3.1915
0.54418
0.59488
0.42972
0.37774
0.55338
0.48493
0.27357
0.31329
0.56818
0.49318
0.25699
0.56127
0.37925
0.54912
0.61499
0.52105
0.54419
0.60641
0.42687
0.66567
0.42281
0.47938
0.40136
0.37747
0.38305
0.48545
0.37672
0.3473
0.27998
0.26281
0.33566
0.5353
0.22006
0.44494
0.27307
0.63721
0.44791
0.29015
0.40217
0.26941
0.32111
0.51652
0.22108
1.1992
0.61962
0.4261
0.22605
0.27107
0.41896
0.22856
0.24408
0.25684
0.35961
0.88471
0.75162
0.4272
0.73544
0.36442
0.60551
0.1983
0.56925
0.30117
0.24665
0.33259
0.22967
0.39312
1.3907
0.60913
0.34596
0.18979
0.28879
0.45567
0.23854
0.34343
0.25428
0.22717
0.18208
0.24781
0.15775
0.20071
0.19031
0.18379
0.21789
0.12901
0.18097
0.18457
0.56769
0.25732
0.2325
0.26734
0.23253
0.34875
0.20658
0.22182
0.22959
0.17149
0.15106
0.15955
0.19551
0.16194
0.26807
0.58029
1.1478
0.35703
0.15369
0.25329
0.26461
0.20559
0.58584
0.33015
0.44289
0.70528
0.66935
0.39614
0.46699
0.3083
0.62503
0.48377
0.50592
0.35712
0.49499
0.28678
0.29949
0.36104
0.58694
0.54523
0.28796
0.29135
0.24218
0.156
0.21604
0.2196
0.29628
0.21463
0.24703
0.19259
0.51385
0.66196
0.33675
0.39341
0.33819
0.77428
0.32042
0.30376
0.29589
0.84579
1.1353
1.4905
2.8955
4.3295
2.6419
1.693
0.81206
0.73404
1.0905
1.4259
1.6756
1.101
1.2978
0.67819
0.8351
0.77537
0.77437
0.83563
0.79752
1.5768
3.2796
1.753
0.93565
1.1961
1.4407
2.4935
9.9415
2.1943
1.0249
1.6534
2.3431
1.2851
2.4881
2.7031
2.2843
1.3421
2.1929
3.8246
1.4829
0.90397
0.76865
0.70882
0.6723
0.60533
1.4663
1.0934
0.65008
0.70964
1.2364
1.9398
1.0371
1.0273
0.92908
1.7244
0.78527
0.59927
0.46959
0.36944
1.2449
2.912
0.86686
3.9933
1.156
2.4564
0.75492
0.72094
0.76053
0.5974
0.98121
0.54618
0.54038
0.69909
0.54576
0.56409
0.34629
0.40922
0.48238
0.40875
0.49789
0.26666
0.66805
1.691
0.9498
0.67483
0.26673
0.24494
0.30178
1.082
0.79249
0.52478
0.71871
1.1329
0.93814
0.73671
0.89558
1.4575
0.52495
0.77965
0.96068
0.92549
0.7583
0.37319
0.48567
0.50288
0.62537
1.804
0.79505
0.6406
0.45706
0.52039
0.47086
0.51035
1.5065
0.80015
2.869
1.5677
1.8975
1.1727
1.0623
1.1294
0.7939
1.3254
0.48425
0.49404
0.53532
1.0826
1.9082
0.83516
0.55849
1.0741
1.7343
1.4406
0.35889
0.75396
0.87807
1.5566
1.0924
1.0575
0.96051
1.9075
5.7294
4.134
2.0512
2.0532
1.5026
1.3993
2.7356
0.91312
0.68923
0.86281
0.94059
1.6977
1.0786
0.65505
0.63986
0.51851
0.41604
0.36353
0.33533
1.0392
0.45375
0.50137
0.7236
0.51045
0.67844
0.72818
0.69622
0.54192
0.65657
0.5779
0.42427
0.37084
0.69851
0.52499
0.67966
1.6682
0.95351
0.89151
0.73331
0.94971
0.63088
0.64906
0.6672
0.4904
0.75792
0.56298
0.59283
0.4378
0.46025
0.54481
0.50352
0.57558
0.31358
0.34016
0.29613
0.36811
0.2645
0.331
0.19443
0.26427
0.32064
0.24047
0.30073
0.37144
0.25723
0.58237
0.31898
0.64163
0.55462
0.47356
1.2122
0.98281
0.47918
0.59003
0.74274
0.4322
0.53547
0.44069
0.4047
0.65675
0.48534
0.42322
0.37937
0.38764
0.52587
1.1696
0.56139
0.39743
0.33677
0.52098
0.27607
0.63169
0.58844
0.43774
0.50215
0.55225
0.42704
0.30455
0.29562
0.42815
0.67802
1.8857
1.0948
0.79067
0.65807
0.38109
0.8686
0.61444
0.50652
0.49636
0.31065
0.22058
0.21319
0.21214
0.5331
0.41811
0.26528
0.25419
0.15818
0.24412
0.22118
0.22162
0.24883
0.2303
0.44737
0.33934
0.26607
0.20689
0.20445
0.49844
0.32177
0.27425
0.64403
0.34955
0.31202
0.2749
0.33074
0.39666
0.34649
0.28867
0.27283
0.31158
0.7453
0.4042
0.35773
0.41066
0.45926
0.53018
0.93485
0.86696
0.81965
0.39752
0.57038
0.46269
0.36193
0.3452
0.2949
0.39887
0.50191
0.29854
0.49515
0.38006
0.45055
0.53617
0.52565
0.29792
0.29623
0.34419
0.73168
0.31498
0.3755
0.87522
0.79351
0.46841
0.69653
0.47347
0.53766
0.58705
0.38976
0.48846
0.33593
0.39328
0.49504
0.30563
0.5689
0.39468
0.77753
0.40973
0.22066
0.23557
0.29019
0.3672
0.48147
0.15256
0.43426
0.36065
0.54531
0.3092
0.66997
0.39068
0.27934
0.42536
0.21432
0.87121
0.52419
0.68732
0.59833
0.48596
0.43285
0.41256
0.44335
0.50455
0.32187
0.27497
0.65277
0.51214
0.72486
0.25557
0.40334
0.36422
0.33146
0.28812
0.21619
0.17838
0.24526
0.16787
0.29941
0.2224
0.19735
0.50575
0.22201
0.58411
0.69325
0.48835
0.4636
0.20985
0.32375
0.26658
0.23493
0.38714
0.22167
0.27987
0.37054
0.31936
0.29363
0.27578
0.21987
0.27868
0.54911
0.52482
0.30402
0.20374
0.28886
0.30674
0.37748
0.41616
0.49062
0.23318
0.27259
0.29013
0.22243
0.26361
0.29778
0.30009
0.27494
0.32895
0.16717
0.26767
0.18045
0.22658
0.38974
0.23289
0.32559
0.36068
0.29194
0.21024
0.57856
0.82079
0.84993
0.66091
0.99766
0.40556
0.38937
0.69707
1.8629
0.73741
0.84026
0.63498
0.4915
0.64479
0.61206
0.36925
0.27693
0.49279
0.32206
0.31609
0.41963
0.49024
0.6183
0.33393
0.58609
0.73757
0.67036
1.0525
1.1046
0.39549
0.37478
0.39405
0.40406
0.68262
0.34155
0.56286
0.34766
0.39469
0.4672
0.67466
0.81864
0.60388
0.54197
0.74569
0.67741
0.64671
0.49167
0.75656
0.2859
0.31621
0.3904
0.59942
0.50576
0.60552
0.60103
0.47698
0.80801
1.5778
0.43264
0.79222
1.3068
0.85104
1.0725
0.43282
0.40991
0.76872
0.70884
5.2784
0.96508
0.84191
0.71719
0.60757
0.68273
0.45341
0.53895
1.0976
0.61859
0.63294
0.78074
1.1328
0.91636
1.3848
0.5244
0.53052
0.45538
0.56102
0.41657
0.30127
0.32392
0.50236
0.52019
0.69361
0.32173
0.71061
0.50922
0.54392
0.7688
0.56033
0.42026
0.3773
0.47922
0.48451
1.0284
0.88414
0.38348
0.95542
0.5433
0.63575
0.49043
1.0258
0.33153
0.27969
0.26979
0.29294
0.47433
0.33784
0.49968
0.30325
0.31951
0.4288
0.89176
0.55372
0.31332
0.45593
0.66603
0.30833
0.14197
0.57872
0.74143
0.87344
3.1256
1.6319
0.99283
1.3368
2.323
1.9886
1.2788
4.3877
2.0095
1.0782
0.82285
0.54755
0.87712
1.11
0.74132
0.45598
0.52072
0.35572
0.41722
0.92781
1.647
1.2041
1.4333
3.5807
0.65857
0.5308
0.50165
0.83036
0.87238
0.57909
0.6265
1.0807
0.94364
0.53315
0.69576
0.36173
0.393
0.6239
0.51476
0.83049
1.0491
0.64639
0.75894
0.51962
0.51467
0.90865
0.8737
0.53834
0.76959
0.40525
0.67955
0.79015
0.49112
0.52777
0.42621
0.55804
0.61593
0.79332
1.0268
0.59871
0.64703
0.66317
0.79249
2.3564
0.84772
0.60606
0.96299
1.3872
1.597
0.88492
0.49129
0.81459
0.5072
1.3559
0.53036
1.0356
0.76731
0.73343
1.2557
0.55571
0.68897
1.036
1.0971
0.441
1.6683
0.65922
0.67373
1.1392
0.55277
0.62107
0.66651
0.94247
0.92459
0.83834
0.72257
3.028
1.0753
0.7153
0.52323
0.83578
0.72365
0.51284
0.65286
0.3219
0.43434
0.65326
0.479
1.0182
0.37328
0.55799
0.3006
0.63093
0.70283
0.36741
0.44368
0.28761
0.50394
0.56444
0.52672
3.6082
0.74409
0.83001
0.41282
0.65162
0.55356
0.71191
0.51422
0.81572
0.33105
0.64425
0.7583
1.085
1.4149
1.5378
0.52412
0.77769
0.82957
0.8407
0.40536
1.0484
0.60779
0.52726
0.59892
0.57497
0.4589
0.40078
0.84874
0.46578
0.44586
0.95317
0.86891
0.49906
0.77461
0.33385
5.4297
1.5473
0.99114
0.59489
0.76259
0.30252
0.35241
0.74582
2.0539
1.7422
1.7327
1.4576
0.60046
0.78561
0.89117
1.3122
0.73166
1.5599
1.5517
1.3648
1.5657
0.94323
0.97987
1.037
1.3675
0.91439
0.59105
1.2019
1.0752
0.85059
0.71934
0.86936
0.65657
1.0449
0.70197
0.6799
0.67133
0.71826
0.87235
0.72049
0.58819
1.2164
0.81234
1.1742
1.2123
1.2344
0.70557
0.54414
0.99054
0.4247
0.39185
0.60736
0.70439
0.94493
0.59198
0.5201
0.70887
0.70067
1.8493
0.52918
0.40282
0.79335
1.1482
0.92487
0.63948
1.128
0.90921
0.73292
1.7874
0.39004
0.53938
0.87267
3.9953
0.71973
1.0413
0.98877
1.0947
0.67271
0.43797
0.47076
0.69143
0.82217
1.1281
0.68459
0.88959
0.30508
0.54095
0.3607
0.26881
0.46641
0.55595
0.44607
0.57011
0.27784
0.4147
0.40738
0.314
0.36778
0.42519
0.63822
0.50694
0.6029
0.48712
0.49474
0.47822
0.692
0.55195
0.46796
0.57736
0.45854
0.35639
0.47069
0.5506
0.50272
0.67172
1.3828
0.9989
0.57368
3.0987
5.6698
1.6978
3.7364
1.1499
0.59497
2.1046
0.96637
1.8608
1.1543
1.8176
1.3292
1.6678
0.58927
0.66648
0.87221
0.55063
2.0352
1.5582
0.98468
0.79861
0.82636
0.89218
0.3845
0.46334
0.31229
0.79182
0.79356
0.27256
0.53858
0.66789
0.75993
0.57631
0.42099
0.92827
0.63821
0.48381
0.54943
0.39158
0.49615
1.7064
0.89201
1.2887
0.4611
0.69952
0.64235
1.0441
0.94592
0.59073
0.63494
0.5033
1.0357
2.1949
1.7964
3.5819
1.712
2.3725
2.9177
1.9472
6.1992
2.1419
5.8658
2.4057
1.1476
1.227
2.0867
1.667
1.3121
0.78351
0.95326
1.196
1.6628
1.0895
1.7101
1.34
0.98662
1.9204
1.3469
2.3513
9.612
33.298
8.7293
3.9881
2.3311
2.15
4.6902
1.8468
4.0554
1.8203
1.9196
1.8708
1.4227
1.15
1.3785
1.4125
2.7443
1.607
1.1097
1.2175
1.1905
0.89662
1.473
1.2671
1.4961
2.1593
2.1665
2.0561
2.6758
0.99447
2.1606
2.1342
0.74662
1.2324
1.0172
0.66335
0.83659
0.82512
1.0467
2.9197
2.1103
1.1294
0.67845
1.1239
1.4553
1.7292
1.3976
1.4539
1.7244
1.0457
1.0237
1.4339
1.4092
0.57722
0.76022
0.75058
0.56876
2.8296
2.475
1.6758
2.7795
3.4897
2.7057
4.9087
1.8583
1.5289
1.3856
1.2966
0.87989
1.3281
0.91723
0.53971
0.58714
0.75786
0.90323
0.96194
0.74337
1.8496
1.099
1.3875
1.2789
0.96189
0.7732
0.99902
0.74026
2.0399
1.7848
1.0061
0.74149
1.3655
1.4284
1.4269
0.82408
1.9597
2.3369
0.9651
0.75339
0.70315
0.68248
0.79593
0.92204
0.76861
1.2248
1.9409
1.357
0.97062
1.2968
1.1242
0.78382
0.9432
0.63727
0.56909
0.98104
0.56542
0.85187
0.48593
0.58271
0.95454
0.96024
0.4877
0.65939
0.44434
0.69809
0.45573
0.5361
0.35386
0.49935
0.56295
1.6042
0.62427
0.58629
0.39568
0.45037
0.44755
0.37379
0.32904
0.92022
0.40619
0.20259
0.31465
0.65422
0.66467
0.29788
0.35709
0.37124
0.86844
0.24647
0.64672
0.31154
0.43537
0.7081
0.51414
0.55767
0.43215
0.62374
0.91316
0.76417
0.52751
0.49781
0.71429
0.93108
0.88853
0.63258
0.44996
1.4928
0.25961
0.29361
0.46975
1.3361
0.66383
0.37323
0.30021
0.25537
0.47112
0.26058
0.24721
0.42018
